c 24.0 0.0001 1.2 0.5
s 94.00 247.00 130.00 238.00
d 73.00 256.00 118.00 256.00
s 185.00 243.00 226.00 256.00
d 167.00 250.00 221.00 240.00
s 97.00 215.00 137.00 220.00
d 75.00 237.00 119.00 232.00
s 193.00 224.00 231.00 231.00
d 165.00 226.00 214.00 219.00
s 253.00 225.00 255.00 189.00
d 242.00 207.00 237.00 175.00
s 58.00 212.00 59.00 171.00
d 47.00 236.00 47.00 195.00
s 166.00 239.00 169.00 175.00
d 143.00 250.00 135.00 162.00
s 141.00 178.00 167.00 163.00
d 107.00 176.00 132.00 157.00
s 194.00 176.00 176.00 164.00
d 163.00 170.00 137.00 157.00
s 133.00 143.00 171.00 149.00
d 86.00 151.00 128.00 140.00
s 183.00 149.00 213.00 150.00
d 142.00 139.00 180.00 145.00
s 145.00 134.00 174.00 122.00
d 85.00 131.00 129.00 106.00
s 210.00 146.00 186.00 126.00
d 176.00 128.00 139.00 106.00
s 94.00 108.00 144.00 80.00
d 61.00 114.00 93.00 68.00
s 260.00 137.00 229.00 84.00
d 229.00 101.00 179.00 70.00
s 157.00 76.00 212.00 83.00
d 109.00 61.00 156.00 61.00
s 127.00 330.00 186.00 323.00
d 135.00 343.00 191.00 335.00
s 76.00 293.00 114.00 325.00
d 82.00 330.00 128.00 330.00
s 210.00 320.00 236.00 300.00
d 219.00 317.00 241.00 290.00
s 74.00 163.00 84.00 126.00
d 47.00 171.00 47.00 140.00
s 257.00 183.00 258.00 151.00
d 237.00 162.00 223.00 133.00
s 234.00 290.00 233.00 257.00
d 66.00 298.00 49.00 255.00
s 71.00 286.00 70.00 258.00
d 234.00 277.00 239.00 233.00
s 71.00 289.00 72.00 261.00
d 63.00 282.00 60.00 259.00
