24
    94    247     130    238       73    256     118    256
   185    243     226    256      167    250     221    240
    97    215     137    220       75    237     119    232
   193    224     231    231      165    226     214    219
   253    225     255    189      242    207     237    175
    58    212      59    171       47    236      47    195
   166    239     169    175      143    250     135    162
   141    178     167    163      107    176     132    157
   194    176     176    164      163    170     137    157
   133    143     171    149       86    151     128    140
   183    149     213    150      142    139     180    145
   145    134     174    122       85    131     129    106
   210    146     186    126      176    128     139    106
    94    108     144     80       61    114      93     68
   260    137     229     84      229    101     179     70
   157     76     212     83      109     61     156     61
   127    330     186    323      135    343     191    335
    76    293     114    325       82    330     128    330
   210    320     236    300      219    317     241    290
    74    163      84    126       47    171      47    140
   257    183     258    151      237    162     223    133
   234    290     233    257       66    298      49    255
    71    286      70    258      234    277     239    233
    71    289      72    261       63    282      60    259
